# id	file_path	transparent_color_r	g	b
[TEXTURES]
500	textures\Map1-4_bank.png	255	255	255

0	textures\mario.png	255	255	255
20	textures\misc.png	176	224	248
10	textures\enemies.png	3	26	110
30	textures\tiles.png	255	128	192
40	textures\tiles4.png	4	193	170
50	textures\enemies-2.png	0	128	128
60	textures\enemy3.png	255	255	255
70	textures\map.png	156	252	240
80	textures\mario2.png	255	255	255
90	textures\mario3.png	255	255	255
100	textures\misc2.png	166	185	255
110	textures\enemies-3.png	0	130	130
120	textures\misc3.png	166	185	255
130	textures\enemies-4.png	0	255	255
140	textures\flower.png	255	255	255
150	textures\mairuadongua.png	0	128	128
160	textures\flower2.png	255	255	255
170	textures\mairuanguahoisinh.png	0	255	255
180	textures\title.png	255	255	255
190	textures\title2.png	237	28	36
200	textures\ruaden.png	255	255	255
210	textures\new_mario_left.png	67	145	190
220	textures\new_mario_right.png	67	145	190
230	textures\menu_game.png	255	219	161
240	textures\HUD.png	0	224	142
250	textures\special_item.png	0	183	239
260	textures\star_and_flower.png	0	183	239
270	textures\mario_transform_left.png	68	145	190
280	textures\mario_transform_right.png	68	145	190
290	textures\end_scene1.png	0	0	0
300	textures\enemies-2-red-goomba-die.png	0	128	128
310	textures\enemies-goomba-normal-die.png	3	26	110
320	textures\Map1-4_full.png	156	252	240

#ID	TRTileSet	TCTileSet	TRMap	TCMap	TotalTiles	Matrix_Path
[MAP]
500	4	18	14	80	64	textures\Map-1-4.txt



# id	left	top	right	bottom	texture_id
[SPRITES]
1001	6	0	20	16	0
1002	36	0	50	16	0
1003	67	0	81	15	0
1004	95	0	111	16	0
1005	125	0	140	16	0
1006	155	0	171	16	0
1007	187	0	199	15	0
1008	216	0	230	15	0
1009	247	0	259	15	0
1010	275	0	291	16	0
1011	306	0	321	16	0
1012	335	0	351	16	0
1013	367	0	379	15	0
1014	395	80	421	96	0
1015	426	0	440	16	0
2001	5	40	6	41	0
2002	35	40	51	56	0
2003	65	40	81	56	0
2004	96	40	110	56	0
2005	125	40	141	55	0
2006	155	40	171	56	0
2007	186	40	200	55	0
2008	216	40	230	55	0
2009	246	40	260	55	0
2010	275	40	291	56	0
2011	305	40	321	55	0
2012	36	40	50	56	0
2013	365	40	381	56	0
2014	395	40	411	56	0
2015	426	40	441	56	0
3001	5	80	21	96	0
3002	35	80	51	96	0
3003	66	80	80	95	0
3004	96	80	110	95	0
3005	125	80	141	95	0
3006	155	80	170	96	0
3007	185	80	200	96	0
3009	246	80	261	96	0
3010	276	80	291	96	0
3011	305	80	321	95	0
3012	336	80	350	95	0
3013	366	80	380	95	0
3014	395	80	411	96	0
3015	425	80	441	96	0
4001	7	124	19	137	0
4002	38	124	50	138	0
4003	66	120	80	135	0
4004	95	120	110	136	0
4005	126	120	139	136	0
4006	155	120	170	136	0
4007	186	120	200	136	0
4008	215	120	231	136	0
4009	246	120	260	136	0
4010	276	120	291	136	0
4011	307	120	320	136	0
4012	336	120	351	136	0
4013	366	120	380	135	0
4014	396	124	408	138	0
4015	427	124	439	137	0
5001	5	154	21	182	0
5002	35	155	54	181	0
5003	65	154	84	181	0
5004	93	154	112	181	0
5005	125	155	141	181	0
5006	155	154	171	181	0
5007	186	154	200	181	0
5008	215	154	231	181	0
5009	246	154	260	181	0
5010	275	154	291	181	0
5011	305	155	321	181	0
5012	334	154	353	181	0
5013	362	154	381	181	0
5014	392	155	411	181	0
5015	425	154	441	182	0
6001	5p	195	16	221	0
6002	33	195	52	221	0
6003	64	194	82	221	0
6004	93	195	112	221	0
6005	194	19	221	45	0
6006	153	94	172	121	0
6007	184	194	202	221	0
6008	215	194	231	221	0
6009	244	194	262	221	0
6010	274	194	293	221	0
6011	304	194	323	221	0
6012	334	195	353	221	0
6013	364	194	382	221	0
6014	394	195	413	221	0
6015	425	195	441	221	0
7001	6	230	20	257	0
7002	36	234	50	261	0
7003	66	234	80	261	0
7004	96	234	110	261	0
7005	125	235	141	261	0
7006	155	234	170	261	0
7007	186	234	200	261	0
7008	215	234	231	261	0
7009	246	234	260	261	0
7010	276	234	291	261	0
7011	305	235	321	261	0
7012	336	234	350	261	0
7013	366	234	380	261	0
7014	396	234	410	261	0
7015	426	230	440	257	0
8001	2	274	23	301	0
8002	35	275	51	301	0
8003	66	277	80	299	0
8004	95	275	111	300	0
8005	122	274	143	301	0
8006	155	274	171	301	0
8007	185	274	201	301	0
8008	215	274	231	301	0
8009	245	274	261	301	0
8010	275	274	291	301	0
8011	303	274	324	301	0
8012	335	275	351	300	0
8013	366	277	380	299	0
8014	395	275	411	301	0
8015	423	274	444	301	0
9001	3	315	22	341	0
9002	33	314	52	341	0
9003	65	314	81	341	0
9004	96	314	110	341	0
9005	125	315	141	341	0
9006	155	314	170	341	0
9007	214	317	232	338	0
9008	276	314	291	341	0
9009	305	315	321	341	0
9010	336	314	350	341	0
9011	365	314	381	341	0
9012	394	314	413	341	0
9013	424	315	443	341	0
10001	3	358	22	378	0
10002	32	358	53	378	0
10003	63	358	83	377	0
10004	93	357	113	378	0
10005	125	360	141	383	0
10006	155	358	171	382	0
10007	185	354	201	381	0
10008	245	354	261	381	0
10009	275	358	291	382	0
10010	305	360	321	383	0
10011	333	357	353	378	0
10012	363	358	383	377	0
10013	393	358	414	378	0
10014	424	358	443	378	0
11001	5	394	21	422	0
11002	35	395	54	421	0
11003	65	394	84	421	0
11004	93	394	112	421	0
11005	125	395	141	421	0
11006	155	394	171	421	0
11007	186	394	200	421	0
11008	215	394	231	421	0
11009	246	394	260	421	0
11010	275	394	291	421	0
11011	305	395	321	421	0
11012	334	394	353	421	0
11013	362	394	381	421	0
11014	392	395	411	421	0
11015	425	394	441	422	0
12001	5	435	21	461	0
12002	33	435	52	461	0
12003	64	434	82	461	0
12004	93	435	112	461	0
12005	123	434	142	461	0
12006	153	434	172	461	0
12007	184	434	202	461	0
12008	215	434	231	461	0
12009	244	434	262	461	0
12010	274	434	293	461	0
12011	304	434	323	461	0
12012	334	435	353	461	0
12013	364	434	382	461	0
12014	394	435	413	461	0
12015	425	435	441	461	0
13001	6	470	20	497	0
13002	36	474	50	501	0
13003	66	474	80	501	0
13004	96	474	110	501	0
13005	125	475	141	501	0
13006	155	474	170	501	0
13007	186	474	200	501	0
13008	215	474	231	501	0
13009	246	474	260	501	0
13010	276	474	291	501	0
13011	305	475	321	501	0
13012	336	474	350	501	0
13013	366	474	380	501	0
13014	396	474	410	501	0
13015	426	470	440	497	0
14001 	1	514	24	543	0
14002 	34	514	52	542	0
14003	65	516	80	540	0
14004	91	511	113	541	0
14005 	122	513	144	541	0	
14006	155	514	173	543	0
14007	185	513	202	542	0
14008	214	514	232	542	0
14009	245	513	262	542	0	
14010	275	513	292	542	0	
14011	303	514	325	542	0
14012	334	514	352	541	0
14013	366	516	381	538	0
14014	395 	514	412	542	0
14015	422	514	444	541	0
15001	2	555	22	581	0
15002	33	554	52	581	0
15003	65	554	81	581	0
15004	96	554	110	581	0
15005	125	555	141	581	0
15006	155	554	170	581	0
15007	180	553	206	582	0
15008	214	557	232	578	0
15009	240	553	266	582	0
15010	276	554	291	581	0
15011	305	555	321	581	0
15012	336	554	350	581	0
15013	365	554	381	581	0
15014	394	554	413	581	0
15015	424	555	443	581	0
16001	3	598	22	618	0
16002	32	598	53	618	0
16003	63	598	83	617	0
16004	93	597	113	618	0
16005	125	600	141	623	0
16006	155	598	171	622	0	
16007	185	594	201	621	0
16008	
16009	245	594	261	621	0
16010	275	598	291	622	0
16011	305	600	321	623	0	
16012	333	597	353	618	0
16013	363	598	383	617	0
16014	393	598	414	618	0
16015	424	598	443	618	0

#idle tail right
17009	80	142	101	170	80
#walk 
17010	104	142	126	170	80
17011	129	143	152	170	80
#idle tail left
17007	739	142	760	170	90
#walk
17006	714	142	736	170	90
17005	688	143	711	170	90
#jump right
20014	257	143	280	170	80
#idle tail middle
17008	650	142	666	170	90

#back tail
18008	219	142	235	170	80

#jump left
20002	560	143	583	170	90

#brake right
17001	155	140	171	170	80

#brake left
17015	669	140	685	170	90

#fly tail left bottom
19003	321	142	345	170	90

#fly tail left top
20003	375	143	399	170	90

#fly tail right bottom
19013	495	142	519	170	80

#fly tail right top
20013	441	143	465	170	80

#turning left
17004	456	142	480	170	90

#turning right
17012	360	142	384	170	80

#fly TAIL fall right bottom
23012	309	143	332	170	80
#fly TAIL fall right top
21013	283	143	306	170	80
#fly TAIL fall left bottom
23004	508	143	531	170	90
#fly TAILL fall left top
21003	534	143	557	170	90

#high-speed left
24001	456	142	480	170	90
24002	429	142	453	170	90
24003	402	143	426	170	90
#high-speed right
24004	360	142	384	170	80
24005	387	142	411	170	80
24006	414	143	438	170	80

#sit right
18014	522	142	544	170	80
#sit left
18002	296	142	318	170	90

#hold right idle
18020	566	142	587	170	80
#hold left idle
18021	253	142	274	170	90
#hold right walking
18022	590	142	612	170	80
18023	615	143	638	170	80
#hold left walking
18024	228	142	250	170	90
18025	202	143	225	170	90
#shoot right
18026	641	142	663	170	80
#shoot left
18027	177	142	199	170	90
#high-speed left
24001	456	142	480	170	90
24002	429	142	453	170	90
24003	402	143	426	170	90
#high-speed right
24004	360	142	384	170	80
24005	387	142	411	170	80
24006	414	143	438	170	80

25001	1	957	25	979	0
25002	31	957	55	979	0
25003	61	956	85	979	0
25004	
25005	123	956	143	979	0
25006	152	957	174	978	0
25007	185	954	201	981	0
25008	215	952	231	983	0
25009	245	954	261	981	0
25010	272	957	294	978	0
25011	303	956	323	979	0
25012	
25013	361	956	385	979	0
25014	391	957	415	979	0
25015	421	957	445	979	0
26001	5 	994	21	1010	0
26002	35	992	51	1017	0
26003	62	992	83	1023	0
26004	95	992	111	1023	0
26005	124	993	141	1023	0
26006	155	992	171	1023	0
26007	185	992	200	1023	0
26008	215	992	231	1023	0
26009	246	992	261	1023	0
26010	275	992	291	1023	0
26011	305	993	322	1023	0
26012	335	992	351	1023	0
26013	363	992	384	1023	0
26014	395	992	411	1017	0
26015	425	994	441	1018	0
27001	3	1026	23	1046	0
27002	33	1024	53	1048	0
27003	31	1056	55	1076	0
27004	3	1056	23	1076	0
27005	65	1034	81	1061	0
27006	95	1035	16	25	0
27007	125	1035	141	1061	0
27008	155	1035	171	1060	0
27009	185	1036	201	1060	0
27010	215	1035	231	1060	0
27011	245	1036	261	1060	0
27012	275	1035	291	1060	0
27013	305	1035	321	1061	0
27014	335	1035	351	1060	0
27015	365	1034	381	1061	0
27016	393	1024	413	1048	0
27017	423	1026	443	1046	0
27018	391	1056	415	1076	0
27019	423	1056	443	1076	0
29001	5	1084	21	1112	0
29002	34	1084	51	1111	0
29003	64	1084	81	1112	0
29004	93	1084	112	1112	0
29005	125	1084	141	1111	0
29006	155	1084	171	1112	0
29007	185	1084	201	1112	0
29008	215	1084	231	1112	0
29009	245	1084	261	1112	0
29010	275	1084	291	1112	0
29011	305	1084	321	1111	0
29012	334	1084	353	1112	0
29013	365	1084	381	1112	0
29014	395	1084	412	1111	0
29015	425	1084	441	1112	0
30001	5	1124	21	1151	0
30002	33	1124	52	1151	0
30003	63	1124	82	1152	0
30004	93	1124	112	1152	0
30005	123	1124	142	1152	0
30006	154	1124	171	1152	0
30007	184	1124	202	1152	0
30008	215	1124	231	1152	0
30009	244	1124	262	1152	0
30010	275	1124	292	1152	0
30011	304	1124	323	1152	0
30012	334	1124	353	1152	0
30013	364	1124	383	1152	0
30014	394	1124	413	1151	0
30015	425	1124	441	1151	0
31001	5	1170	21	1186	0
31002	35	1164	51	1192	0
31003	65	1164	81	1192	0
31004	95	1164	111	1192	0
31005	125	1164	141	1191	0
31006	155	1164	171	1192	0
31007	185	1164	201	1192	0
31008	215	1164	231	1192	0
31009	245	1164	261	1192	0
31010	275	1164	291	1192	0
31011	305	1164	321	1192	0
31012	335	1164	351	1192	0
31013	365	1164	381	1192	0
31014	395	1164	411	1192	0
31015	425	1170	441	1186	0
32001	2	1204	24	1232	0
32002	35	1204	51	1231	0
32003	95	1205	111	1231	0
32004	122	1204	143	1232	0
32005	155	1204	171	1232	0
32006	185	1204	201	1232	0
32007	215	1204	231	1232	0
32008	245	1204	261	1232	0
32009	275	1204	291	1232	0
32010	303	1204	324	1232	0
32011	335	1205	351	1231	0
32012	395	1204	411	1231	0
32013	422	1204	444	1232	0
33001	3	1244	22	1271	0
33002	33	1244	52	1272	0
33003	65	1244	81	1272	0
33004	95	1244	111	1272	0
33005	124	1244	141	1271	0
33006	154	1244	171	1272	0
33007	214	1247	232	1268	0
33008	275	1244	292	1272	0
33009	305	1244	322	1271	0
33010	335	1244	351	1272	0
33011	365	1244	381	1272	0
33012	394	1244	413	1272	0
33013	424	1244	443	1271	0
34001	3	1288	22	1307	0
34002	34	1289	52	1307	0
34003	64	1288	82	1308	0
34004	94	1288	112	1307	0
34005	125	1290	141	1313	0
34006	155	1288	171	1312	0
34007	185	1284	201	1312	0
34008	245	1284	261	1312	0
34009	275	1288	291	1312	0
34010	305	1290	321	1313	0
34011	334	1288	352	1307	0
34012	364	1288	382	1308	0
34013	394	1289	412	1307	0
34014	424	1288	443	1307	0
35001	5	1323	21	1352	0
35002	32	1324	53	1351	0
35003	60	1324	85	1352	0
35004	91	1324	114	1352	0
35005	122	1324	143	1351	0
35006	152	1323	177	1352	0
35007	182	1323	204	1352	0
35008	215	1323	231	1352	0
35009	242	1323	264	1352	0
35010	272	1323	294	1352	0
35011	303	1324	324	1351	0
35012	332	1324	355	1352	0
35013	361	1324	386	1352	0
35014	393	1324	414	1351	0
35015	425	1323	441	1352	0
36001	5	1364	21	1391	0
36002	32	1369	54	1387	0
36003	61	1364	85	1392	0
36004	91	1364	115	1391	0
36005	121	1364	145	1391	0
36006	151	1364	175	1391	0
36007	181	1364	205	1391	0
36008	215	1363	231	1392	0
36009	241	1364	265	1391	0
36010	271	1364	295	1391	0
36011	302	1364	325	1391	0
36012	331	1364	355	1391	0
36013	361	1364	385	1392	0
36014	392	1369	414	1387	0
36015	425	1364	441	1391	0
37001	3	1407	23	1428	0
37002	32	1408	53	1427	0
37003	61	1404	85	1432	0
37004	91	1404	115	1431	0
37005	122	1404	143	1431	0
37006	152	1403	174	1432	0
37007	182	1403	203	1432	0
37008	215	1403	231	1432	0
37009	243	1403	264	1432	0
37010	272	1403	294	1432	0
37011	303	1404	324	1431	0
37012	331	1404	355	1431	0
37013	361	1404	385	1432	0
37014	393	1408	413	1427	0
37015	423	1407	443	1428	0
38001	2	1444	23	1472	0
38002	30	1444	55	1471	0
38003	61	1444	85	1471	0
38004	95	1444	101	1472	0
38005	122	1443	143	1472	0
38006	155	1443	171	1472	0
38007	185	1443	201	1472	0
38008	215	1443	231	1472	0
38009	245	1443	261	1472	0
38010	275	1443	291	1472	0
38011	303	1443	324	1472	0
38012	335	1444	351	1472	0
38013	361	1444	385	1471	0
38014	391	1444	416	1471	0
38015	423	1444	444	1472	0
39001	0	1484	25	1511	0
39002	33	1484	52	1512	0
39003	61	1483	84	1512	0
39004	92	1483	114	1512	0
39005	122	1484	144	1511	0
39006	152	1484	174	1511	0
39007	181	1483	204	1512	0
39008	213	1487	233	1508	0
39009	242	1483	265	1512	0
39010	272	1484	294	1511	0
39011	302	1484	324	1511	0
39012	332	1483	355	1512	0
39013	362	1483	385	1512	0
39014	394	1484	413	1512	0
39015	412	1484	446	1511	0
40001	2	1528	23	1548	0
40002	26	1528	49	1548	0
40003	53	1527	73	1548	0
40004	78	1526	98	1549	0
40005	110	1531	126	1553	0
40006	140	1529	156	1552	0
40007	167	1524	189	1552	0
40008	200	1523	216	1552	0
40009 	230	1523	246	1552	0
40010	257	1524	279	1552	0
40011	390	1529	306	1552	0
40012	320	1531	336	1553	0
40013	348	1526	368	1549	0
40014	373	1527	393	1548	0
40015	397	1528	420	1548	0
40016	423	1528	444	1548	0
41001	35	1558	51	1598	0
41002	61	1563	85	1595	0
41003	90	1564	115	1594	0
41004	119	1566	136	1592	0
41005	150	1564	176	1592	0
41006	179	1565	197	1593	0
41007	239	1565	267	1593	0
41008	270	1564	296	1592	0
41009	300	1566	327	1592	0
41010	331	1564	356	1594	0
41011	361	1563	385	1595	0
41012	395	1558	406	1598	0
400001	300	117	316	133	20
400002	318	117	334	133	20
400003	336	117	352	133	20
400004	355	117	370	133	20

400005	415	48	431	75	80


#===== MARIO TAIL JUMP MAX POWER
#==== RIGHT
35000	468	143	492	170	80
#==== LEFT
35001	348	143	372	170	90



#===== MARIO TRANSFORM FROM BIG TO SMALL AND SMALL TO BIG 
#======LEFT======
22000	209	127	223	154	270
#======RIGHT======
22001	299	127	313	154	280



#==== MARIO TRANSFORM FROM BIG TO TAIL AND TAIL TO BIG
#=====LEFT=======
22002	415	1	431	17	270
22003	435	3	447	15	270
22004	453	3	465	15	270
22005	471	4	483	14	270
#====RIGHT======
22006	415	19	431	35	270
22007	435	21	447	33	270
22008	453	21	465	33	270
22009	471	22	483	32	270


#BREAKABLE BRICK
80011	561	127	577	143	40
80012	578	127	594	143	40
80013	561	144	577	160	40
80014	578	144	594	160	40


#DOUBLE PIPE
80016	2320	384	2351	399	70

#==== GACH BU L? ====
50010	324	171	340	187	30


#===KOOPAS XANH SHELL
#80002	152	202	168	218	50

#80003	239	202	255	218	50

80004	256	202	272	218	50
80005	273	202	289	218	50
80006	290	202	306	218	50

#===KOOPAS ?? SHELL

80008	256	174	272	190	50
80009	273	174	289	190	50
80010	290	174	306	190	50

#==== KOOPAS XANH SHELL SPINNING NGUA
80100	32	203	48	219	170
80101	53	204	69	220	170
80102	74	204	90	220	170
#==== KOOPAS RED SHELL SPINNING NGUA
80103	29	255	45	271	170
80104	50	256	66	272	170
80105	71	256	87	272	170

#==== WORDS END SCENE 1
#====COURSE CLEAR
80200	44	18	159	25	290
#====YOU GOT A CARD
80201	27	42	144	50	290
#SECTION 1 END

#SECTION 2

#==== DONG TIEN
70100	299	99	313	115	20
70101	317	99	330	115	20
70102	335	99	347	115	20

#==== GACH BU TRÊN ====
50004	9	10	23	25	40
50005	26	10	40	25	40
50006	42	10	58	25	40

#==== GACH BU DUOI ====
50007	9	27	23	41	40
50008	26	27	40	41	40
50009	42	27	58	41	40

#==== GACH NHO LOAI 1 ====
50001	222	222	238	238	30
50002	239	222	255	238	30
50003	256	222	272	238	30

#==== FIRE BULLET
#==== FIRE BULLET RIGHT
70501	323	79	332	87	50
70502	333	78	340	87	50
#==== FIRE BULLET LEFT
70503	313	79	322	87	50
70504	305	78	312	87	50

#==== QUESTION BRICK WITHOUT QUESTION
70517	235	188	251	204	100

#===== LEAF
#===== LEAF LEFT
70518	180	123	196	137	100
#===== LEAF RIGHT
70519	233	122	249	136	120

#====MUSHROOM RED
70601	300	189	316	205	20

#==== MUSHROOM GREEN
70602	318	189	334	205	20

#==== ?NG C?NG D?C
60051	324	52	340	68	30
60052	341	52	357	68	30
60053	325	69	340	85	30
60054	341	69	356	85	30


#GOOMBA
60059	5	14	21	29	10
60060	25	14	41	29	10



#GOOMBA die
60061	45	14	61	29	10
#KOOPAS XANH_ ?I B? 
#walk left
60062	205	191	221	218	50
60063	222	191	238	218	50
#walk right
60064	187	191	202	218	50
60065	170	191	185	218	50
#die
60066	152	202	168	218	50

#===== KOOPAS RED FLY NEW
91000	256	220	272	247	50
91001	239	220	255	247	50

###KOOPAS XANH_ BAY_PH?I SANG TRÁI
60067	205	248	221	276	50
60068	222	250	238	276	50
60069	239	249	255	276	50
60070	256	249	272	276	50
#KOOPA MAI RÙA XANH
#ÚP
60071	239	202	255	218	50
60072	256	202	272	218	50
60073	273	202	289	218	50
60074	290	202	306	218	50
#Ng?a
60075	152	202	168	218	50
#KOOPA ?? _?I B?
#WALK LEFT	
60076	205	163	221	190	50
60077	222	164	238	190	50
#WALK RIGHT	
60093	296	164	312	190	110
60094	313	163	329	190	110
#KOOOP ?? _BAY
60078	205	219	221	219	50
60079	222	221	238	219	50
60080	239	249	255	219	50
60081	256	249	272	219	50
#MAI RÙA ??
#ÚP					
60082	239	174	255	190	50
60083	256	174	272	190	50
60084	273	174	289	190	50
60085	290	174	306	190	50
## GOOMBA_?? BAY
60086	393	79	413	103	50
60087	414	79	434	103	50
60088	435	84	455	103	50
60089	456	84	476	103	50
#GOOMBA ?? CH?T 
60090	204	108	220	124	50
#GOOMBA ?? ?I B?		
60091	170	108	186	124	50
60092	187	108	203	124	50


#KOOPAS XANH HOI SINH UP
61000	74	127	92	143	130

#KOOPAS DO HOI SINH UP
61002	71	75	89	91	130

#KOOPAS XANH HOI SINH NGUA
61005	74	225	92	241	170

#KOOPAS DO HOI SINH NGUA
61006	71	277	88	293	170

#KOOPAS DO MAI NGUA
61004	279	225	295	241	150

#===== RUA DEN
#==== MAI UP
70520	172	24	188	40	160
#==== MAI NGUA
70521	172	212	188	228	200


#===== GOOMBA RED DIE BY KICK
70600	347	292	363	308	300

#===== GOOMBA NORMAL DIE BY KICK
#70601	459	870	475	886	310


#===============HUD==========
60100	11	127	165	157	240
#60101	171	127	245	157	240
#icon MARIO					
60102	15	160	33	169	240
#icon Lugi					
60103	15	170	33	179	240
#PowerMelter filled arrow					
60104	63	161	72	170	240
#powerMelter filled iconP					
60105	72	161	88	170	240
#powerMelter empty arrow					
60106	90	161	99	170	240
#powerMelter empty icon					
60107	99	161	116	170	240
#empty card					
60108	159	159	184	188	240
#mushroom card					
60109	184	159	208	188	240
#fireflower card					
60110	208	159	232	188	240
#starman card					
60111	232	159	257	188	240
#font - 0					
60112	76	30	86	40	240
#font - 1				
60113	86	30	96	40	240
#font - 2				
60114	96	30	106	40	240
#font - 3					
60115	106	30	116	40	240
#font - 4					
60116	116	30	126	40	240
#font - 5					
60117	126	30	136	40	240
#font - 6					
60118	136	30	146	40	240
#font - 7					
60119	146	30	156	40	240
#font - 8					
60120	156	30	166	40	240
#font - 9					
60121	166	30	176	40	240
#font - A					
60122	176	30	186	40	240
#font - B				
60123	186	30	196	40	240
#font - C					
60124	76	40	86	50	240
#font - D					
60125	86	40	96	50	240
#font - E					
60126	96	40	106	50	240
#font - F					
60127	106	40	116	50	240
#font - G					
60128	116	40	126	50	240
#font - H					
60129	126	40	136	50	240
#font - I					
60130	136	40	146	50	240
#font - J					
60131	146	40	156	50	240
#font - K					
60132	156	40	166	50	240
#font - L					
60133	166	40	176	50	240
#font - M					
60134	176	40	186	50	240
#font - N					
60135	186	40	196	50	240
#font - O					
60136	76	50	86	60	240
#font - P					
60137	86	50	96	60	240
#font - Q					
60138	96	50	106	60	240
#font - R					
60139	106	50	116	60	240
#font - S					
60140	116	50	126	60	240
#font - T					
60141	126	50	136	60	240
#font - U					
60142	136	50	146	60	240
#font - V					
60143	146	50	156	60	240
#font - W					
60144	156	50	166	60	240
#font - X					
60145	166	50	176	60	240
#font - Y					
60146	176	50	186	60	240
#font - Z					
60147	186	50	196	60	240
#==========SCORE ===================				
#100					
60150	61	89	72	97	240
#200					
60151	75	89	87	97	240
#400					
60152	90	89	102	97	240
#800					
60153	105	89	117	97	240
#1000					
60154	120	89	135	97	240
#2000					
60155	138	89	154	97	240
#4000					
60156	157	89	173	97	240
#8000					
60157	176	89	192	97	240
#1LV					
60158	195	89	211	97	240

## Black black				
60148	1100	450	1900	650	70

#====SPECIAL ITEMS
#FLOWER IDLE
62149	278	350	294	366	250
#=== MUSHROOM IDLE
62150	298	350	314	366	250
#==== STAR IDLE
62151	258	350	274	366	250
#FLOWER UP
62152	25	28	41	44	260
62153	332	375	342	391	250
#=== MUSHROOM UP
62154	257	373	273	389	250
62155	319	375	329	390	250
#==== STAR UP
62156	45	27	61	43	260
62157	347	374	357	390	250

#==== SPECIAL ITEMS DEP LEP
62158	355	374	364	390	250


#===== ANIMATION GACH BE
62200	494	120	502	128	20


#===== MAP 1-4 =========



#==== QUESTION BRICK 
70513	157	188	173	204	100
70514	176	188	192	204	100
70515	196	188	212	204	100
70516	215	188	231	204	100

#==== QUESTION BRICK WITHOUT QUESTION
70517	235	188	251	204	100

#===== BRICK HILLS
#=== GOC TREN TRAI
100000	188	52	205	68	30
#=== GOC TREN GIUA
100001	205	52	221	68	30
#=== GOC TREN PHAI
100002	222	52	238	68	30
#=== GOC DUOI TRAI
100003	188	69	205	85	30
#=== GOC DUOI GIUA
100004	205	69	221	85	30
#=== GOC DUOI PHAI
100005	222	69	238	85	30

#===== GACH NHO XEP HANG DOC 
100006	324	171	340	187	30


#===== TANG GACH BU
#=== GOC TREN TRAI
100007	256	120	272	136	30
#=== GOC TREN GIUA
100008	273	120	289	136	30
#=== GOC TREN PHAI
100009	290	120	306	136	30
#=== GOC DUOI TRAI
100010	256	137	272	153	30
#=== GOC DUOI GIUA
100011	273	137	289	153	30
#=== GOC DUOI PHAI
100012	290	137	306	153	30

#===== MOVING HORIZONTAL RECTANGLE
100013	560	352	608	368	320

#===== BOOMERANG
#===== RIGHT
100014	124	188	140	204	130
100015	144	166	160	182	130
100016	124	166	140	182	130
100017	145	186	161	202	130
#===== LEFT
100018	509	188	525	204	130
100019	488	166	504	182	130
100020	509	166	525	182	130
100021	487	186	503	202	130

#===== BOOMERANG ENEMY 
#===== NORMAL RIGHT
100022	529	171	545	195	130
100023	552	171	568	195	130
#===== THROW RIGHT
100024	575	171	591	195	130
100025	599	171	615	195	130
#===== DIE RIGHT
100026	529	173	545	197	170
100027	552	173	568	197	170

#===== NORMAL LEFT
100028	103	171	119	195	130
100029	80	171	96	195	130
#===== THROW LEFT
100030	57	171	73	195	130
100031	33	171	49	195	130
#===== DIE LEFT
100032	103	173	119	197	170
100033	80	173	96	197	170

# ani_id	sprite1_id	time1	sprite2_id	time2	...
[ANIMATIONS]
# ==== MARIO =========
#idle BIG right
400	5009	100
#idle BIG left
401	5007	100
#idle small right
402	1009	100
#idle small left
403	1007	100
#walk right big
500	5009	100	5010	100	5011	100
#walk left big
501	5007	100	5006	100	5005	100
#walk right small
502	1010	100	1011	100	1012	100
#walk left small
503	1006	100	1005	100	1004	100
#fly right big
504	6009	100	6010	100	6011	100	6012	100	6013	100	6014	100
#fly left big
505	6007	100	6006	100	6005	100	6004	100	6003	100	6002	100
#jump right big
506	8014	100
#jump left big
507	8002	100
#brake right big
508	5015	50
#brake right big
509	5001	50
#hold right big
510	7012	100	9008	100	9009	100
#hold left big
511	7004	100	9006	100	9005	100
#kick right big
512	8015	100
#kick right big
513	8001	100
#running right big
514	5009	50	5010	50	5011	50
#running left big
515	5007	50	5006	50	5005	50

#jump right small
516	3014	100
#jump left small
517	3002	100
#fly right small
518	2009	100	2010	100	2011	100	2012	100	2013	100
#fly left small
519	2007	100	2006	100	2005	100	2004	100	2003	100
#brake right small
520	1015	50
#brake right small
521	1001	50
#hold right small
522	4009	100	4010	100
#hold left small
523	4007	100	4006	100
#kick right small
524	3015	100
#kick right small
525	3001	100
#running right small
526	1009	50	1010	50	1011	50
#running left small
527	1007	50	1006	50	1005	50
#sitdown right big
528	7015	100
#sitdown left big
529	7001	100
#die
599	4008	100


#jump_fall right big
900	5011	100
#jump_fall left big
901	5005	100


#jump_fall right tail
902	21013	100
#jump_fall left tail
903	23004	100


#jump_fall right fire
904	11011	100
#jump_fall left fire
905	11005	100

#===== MARIO's PIPE ANIMATION
#=== mario small
10000	5008	100
#=== mario big
10001	1008	100
#==== mario tail
10002	400005	100
#==== mario fire
10003	11008	100

# ====TAIL MARIO =========
#idle right tail
600	17009	100
#idle left tail
601	17007	100
#walk right tail
602	17009	100	17010	100	17011	100
#walk left tail
603	17007	100	17006	100	17005	100
#jump right tail
604	20014	100
#jump left tail
605	20002	100
#brake right tail
608	17015	50
#brake left tail
609	17001	50
#fly right tail
606	19013	100	20013	100
#fly left tail
607	19003	100	20003	100
#hold right tail
610	18020	100	18022	100	18023	100	18022	100
#hold left tail
611	18021	100	18024	100	18025	100	18024	100
#kick right tail
612	18026	100
#kick left tail
613	18027	100
#running right tail
614	17009	50	17010	50	17011	50
#running left tail
615	17007	50	17006	50	17005	50
#sitdown right tail
616	18014	100
#sitdown left tail
617	18002	100
#?UÔI_QUAY_TRÁI
618	17004	80	17008	80	17012	80	18008	80
#?UÔI_QUAY_PH?I
619	17012	80	17008	80	17004	80	18008	80
#?UÔI_ROI_TRÁI
620	23004	100	21003	100
#?UÔI_ROI_PH?I
621	23012	100	21013	100
#high TAIL speed left 
622	24001	30	24002	30	24003	30	24002	30
#high TAIL speed right
623	24004	30	24005	30	24006	30	24005	30

# ====FIRE MARIO =========
#idle right fire
700	11009	100
#idle left fire
701	11007	100
#walk right fire
702	11009	100	11010	100	11011	100
#walk left fire
703	11007	100	11006	100	11005	100
#jump right fire
704	14014	100
#jump left fire
705	14002	100
#fly right fire
706	12009	100	12010	100	12011	100	12012	100	12013	100	12014	100
#fly left fire
707	12007	100	12006	100	12005	100	12004	100	12003	100	12002	100
#brake right fire
708	11015	50
#brake left fire
709	11001	50
#hold right fire
710	13012	100	15010	100	15011	100
#hold left fire
711	13004	100	15006	100	15005	100
#kick right fire
712	14015	100
#kick left fire
713	14001	100
#running right fire
714	11009	50	11010	50	11011	50
#running left fire
715	11007	50	11006	50	11005	50
#sitdown right fire
716	13015	100
#sitdown left fire
717	13001	100

#hold right idle big
718	7012	100
#hold left idle big
719	7004	100


#hold right idle small
720	4009	100
#hold left idle big
721	4007	100


#hold right idle tail
722	18020	100
#hold left idle big
723	18021	100


#hold right idle fire
724	13012	100
#hold left idle big
725	13004	100


#=========== JUMP MAX POWER MARIO
#===== LEVEL BIG
#==== RIGHT
726	6014	100
#==== LEFT
727	6012	100
#===== LEVEL SMALL
#==== RIGHT
728	2013	100
#==== LEFT
729	2003	100
#===== LEVEL TAIL
#==== RIGHT
730	35000	100
#==== LEFT
731	35001	100
#===== LEVEL FIRE
#==== RIGHT
732	12014	100
#==== LEFT
733	12002	100





#======= MARIO TRANSFORM 
#=== LEFT =====
998	22000	100	5007	100
#==== RIGHT =====
999	22001	100	5009	100





#======= MARIO TRANSFORM SMOKE
#====== LEFT ====
13100	22002	100	22003	100	22004	100	22005	100
#=====RIGHT=====
13101	22006	100	22007	100	22008	100	22009	100

#SECTION 1
#==== QUESTION BRICK
2108	70513	100	70514	100	70515	100	70516	100

#==== QUESTION BRICK WITHOUT QUESTION
2109	70517	100


#==== GACH B? ???C ====
3003	80011	50	80012	50	80013	50	80014	50

#DOUBLE PIPE
3005	80016	100

#==== G?CH B? L? ====
3000	50010	100

#==== DONG TIEN
2100	70100	150	70101	150	70102	150	70101	150

# ====GACH NHO LOAI 1=========
1500	50001	100
1501	50002	100
1502	50003	100

#==== GACH BU TRÊN ====
1503	50004	100
1504	50005	100
1505	50006	100

#==== GACH BU DUOI====
1506	50007	100
1507	50008	100
1508	50009	100


#==== FIRE BULLET
#==== FIRE BULLET RIGHT
2101	70501	100	70502	100
2102	70503	100	70504	100

## b?n l?a
## b?n trái
1681	13004	25	13003	25	13002	100
## b?n ph?i
1680	13012	25	13013	25	13014	100


#==== QUESTION BRICK WITHOUT QUESTION
2109	70517	100

#===== LEAF LEFT
2110	70518	100

#===== LEAF RIGHT
2111	70519	100

#===== MUSHROOM RED
2112	70601	100
#===== MUSHROOM GREEN
2113	70602	100

#==== ?NG C?NG
1651	60051	100
1652	60052	100
1653	60053	100
1654	60054	100

# ==== GOOMBA  =========
# walk
1660	60059	100	60060	100
# die
1661	60061	100
##MAX SPEED
# b?    ph?i	trái				
1682	5012	25	5013	25	5014	25
1683	5002	25	5003	25	5004	25
#l?a ph?i trái					
1684	11012	25	11013	25	11014	25
1685	11002	25	11003	25	11004	25
#nh? ph?i trái					
1686	1010	25	1012	25
1687	1004	25	1006	25

# ==== KOOPAS  XANH_?I B?=========
#walk left
1662	60062	100	60063	100
#walk right
1663	60064	100	60065	100
#die
1664	60066	100
##KOOPAS XANH BAY_PH?I SANG TRÁI
1665	60067	100	60068	100	60069	100	60070	100
#KOOPAS MAI RÙA _XANH
#ÚP
1666	60071	100
#60072	100	60073	100	60074	100
#NG?A
1667	60075	100
#KOOPAS ?? _?I B?
#walk left
1668	60076	100	60077	100
#walk right
1676	60093	100	60094	100
#KOOPAS ??_BAY
1669	60078	100	60079	100	60080	100	60081	100
#MAI RÙA ??
#ÚP
1670	60082	100
#GOOMBA ?? _BAY
1671	60086	100	60087	100	60088	100	60089	100
#GOOMBA ??_CH?T
1672	60090	100
#GOOMBA XANH_XOAY
1673	80004	50	80005	50	80006	50
#GOOMBA ??_XOAY
1674	80008	50	80009	50	80010	50
#GOOMBA ?? ?I B?				
1675	60091	100	60092	100

#KOOPAS XANH HOI SINH UP
1677	61000	100	60071	100

#KOOPAS DO HOI SINH UP
1678	61002	100	60082	100

#KOOPAS DO MAI DO
1679	61004	100

#KOOPAS XANH HOI SINH NGUA
1690	60075	100	61005	100

#KOOPAS DO HOI SINH NGUA
1691	61004	100	61006	100

#KOOPAS XANH SPINNING NGUA
1692	80100	50	80101	50	80102	50

#KOOPAS RED SPINNING NGUA
1693	80103	50	80104	50	80105	50

#Koopas xanh walk right faster
1701	60064	40	60065	40

#===== GOOMBA RED DIE BY KICK
2333	70600	100

#===== GOOMBA RED DIE BY KICK
2334	70601	100

#==== KOOPAS RED FLY NEW
2335	91000	100	91001	100


#============HUD==============			
4000	60100	100
#icon MARIO			
4001	60102	100
#icon Lugi			
4002	60103	100
#PowerMelter filled arrow			
4003	60104	100
#powerMelter filled iconP			
4004	60105	150	60107	150
#powerMelter empty arrow			
4005	60106	100
#powerMelter empty iconP			
4006	60107	100
#empty card			
4007	60108	100
#mushroom card			
4008	60109	100
#fireflower card			
4009	60110	100
#star card			
4010	60111	100
#font - 0		
4011	60112	100
#font - 1			
4012	60113	100
#font - 2			
4013	60114	100
#font - 3			
4014	60115	100
#font - 4			
4015	60116	100
#font - 5			
4016	60117	100
#font - 6			
4017	60118	100
#font - 7			
4018	60119	100
#font - 8			
4019	60120	100
#font - 9			
4020	60121	100
#font - A			
4021	60122	100
#font - B			
4022	60123	100
#font - C			
4023	60124	100
#font - D			
4024	60125	100
#font - E			
4025	60126	100
#font - F			
4026	60127	100
#font - G			
4027	60128	100
#font - H			
4028	60129	100
#font - I			
4029	60130	100
#font - J			
4030	60131	100
#font - K		
4031	60132	100
#font - L			
4032	60133	100
#font - M			
4033	60134	100
#font - N			
4034	60135	100
#font - O			
4035	60136	100
#font - P			
4036	60137	100
#font - Q			
4037	60138	100
#font - R			
4038	60139	100
#font - S			
4039	60140	100
#font - T			
4040	60141	100
#font - U			
4041	60142	100
#font - V			
4042	60143	100
#font - W			
4043	60144	100
#font - X			
4044	60145	100
#font - Y			
4045	60146	100
#font - Z			
4046	60147	100
#==========SCORE ===================			
#100			
4047	60150	100
#200		
4048	60151	100
#400			
4049	60152	100
#800			
4050	60153	100
#1000			
4051	60154	100
#2000			
4052	60155	100
#4000			
4053	60156	100
#8000			
4054	60157	100
#1LV			
4055	60158	100

#==== black black
4056	60148	100



#====SPECIAL ITEMS
#FLOWER IDLE
4057	62149	100
#=== MUSHROOM IDLE
4058	62150	100
#==== STAR IDLE
4059	62151	100
#FLOWER UP
4060	62152	100	62158	200
#=== MUSHROOM UP
4061	62154	100	62158	200
#==== STAR UP
4062	62156	100	62158	200


#==== WORDS END SCENE 1
#====COURSE CLEAR
9100	80200	100
#====YOU GOT A CARD
9101	80201	100

#==== ANIMATION GACH BE
9200	62200	100


#==== NEW MAP 1-4 =========

#==== BRICK HILLS
#=== GOC TREN TRAI
200000	100000	100
#=== GOC TREN GIUA
200001	100001	100
#=== GOC TREN PHAI
200002	100002	100
#=== GOC DUOI TRAI
200003	100003	100
#=== GOC DUOI GIUA
200004	100004	100
#=== GOC DUOI PHAI
200005	100005	100


#======GACH NHO XEP HANG DOC
200006	100006	100

#===== TANG GACH BU
#=== GOC TREN TRAI
200007	100007	100
#=== GOC TREN GIUA
200008	100008	100
#=== GOC TREN PHAI
200009	100009	100
#=== GOC DUOI TRAI
200010	100010	100
#=== GOC DUOI GIUA
200011	100011	100
#=== GOC DUOI PHAI
200012	100012	100

#===== MOVING HORIZONTAL RECTANGLE
200013	100013	100

#===== BOOMERANG
#===== RIGHT
200014	100014	100	100015	100	100016	100	100017	100

#===== LEFT
200015	100018	100	100019	100	100020	100	100021	100

#===== BOOMERANG ENEMY
#===== NORMAL RIGHT
200016	100022	100	100023	100
#===== THROW  RIGHT
200017	100024	100	100025	100
#==== DIE    RIGHT
200018	100026	100	100027	100

#===== NORMAL LEFT
200019	100028	100	100029	100
#===== THROW  LEFT
200020	100030	100	100031	100
#==== DIE    LEFT
200021	100032	100	100033	100


#
# id	ani1	ani2	ani3
#
[ANIMATION_SETS]
# MARIO
1	400	401	500	501	506	507	504	505	508	509	510	511	512	513	514	515	528	529	599	599	402	403	502	503	516	517	518	519	520	521	522	523	524	525	526	527	599	599	599	599	600	601	602	603	604	605	606	607	608	609	610	611	612	613	614	615	616	617	618	619	700	701	702	703	704	705	706	707	708	709	710	711	712	713	714	715	716	717	1680	1681	1682	1683	1684	1685	1686	1687	623	622	620	621	599	10000	10001	10002	10003	998	999	13100	13101
#===== SCORE AND 1VP
9000	4047	4048	4049	4050	4051	4052	4053	4054	4055

#==== GACH B? ???C ====
403	3003	2100

#==== G?CH B? L? ====
402	3000

#==== GACH B? ???C ====
403	3003	2100

#==== G?CH B? L? ====
402	3000

# ====GACH NHO LOAI 1 =========
30	1500
31	1501
32	1502

#==== GACH BU TRÊN====
33	1503
34	1504
35	1505

#==== GACH BU DUOI====
36	1506
37	1507
38	1508


#DOUBLE PIPE
405	3005

#SECTION 2

#==== DONG TIEN
209	2100

# ====GACH NHO LOAI 1 =========
30	1500
31	1501
32	1502

#==== GACH BU TRÊN====
33	1503
34	1504
35	1505

#==== GACH BU DUOI====
36	1506
37	1507
38	1508

#===== FIRE BULLET
215	2101	2102

#====== LEAF
219	2110	2111

#MUSHROOM (RED , GREEN)
220	2112	2113

#=== ?NG C?NG D?C
80	1651
81	1652
82	1653
83	1654

## GOOMBA  :THUONG ?I B?(bthg- ch?t) , ?? BAY
88	1660	1661	1671	1672	1675	1671	2333	2334

## KOOOPAS
## Th? t? :Xanh ?i b? (trái ph?i),xanh bay (trái), mai rùa xanh(úp,ng?a), ?? ?i b?(trái,phai) ,?? bay (trái),mai ??( úp),hoi sinh (xanh,do)
89	1662	1663	1665	1666	1667	1668	1676	1669	1670	1673	1674	1677	1678	1679	1690	1691	2312	2313	1701	1692	1693	2335



#====BANG HUD
100	4000


#===== black black
107	4056


#==== SPECIAL ITEMS
108	4057	4058	4059	4060	4061	4062


#==== WORDS END SCENE 1
1140	9100	9101	4008	4009	4010

#===== GACH BE ANIMATION
1222	9200


#==== NEW MAP 1-4 =========

#==== BRICK HILLS
#=== GOC TREN TRAI
1300	200000
#=== GOC TREN GIUA
1301	200001
#=== GOC TREN PHAI
1302	200002
#=== GOC DUOI TRAI
1303	200003
#=== GOC DUOI GIUA
1304	200004
#=== GOC DUOI PHAI
1305	200005

#==== GACH NHO XEP HANG DOC
1306	200006


#===== TANG GACH BU
#=== GOC TREN TRAI
1307	200007
#=== GOC TREN GIUA
1308	200008
#=== GOC TREN PHAI
1309	200009
#=== GOC DUOI TRAI
1310	200010
#=== GOC DUOI GIUA
1311	200011
#=== GOC DUOI PHAI
1312	200012

#======QUESTION BRICK
218	2108	2109	3003

#============ MOVING HORIZONTAL RECTANGLE
1313	200013

#====== BOOMERANG
1314	200014	200015

#====== BOOMERANG ENEMY
1315	200016	200017	200018	200021	200019	200020
[OBJECTS]
# type	x	y	ani_set_id	extra_settings per object type



#==== BRICK HILLS 1
#===HANG 1
1	0	352	1300
1	16	352	1301
1	32	352	1301
1	48	352	1301
1	64	352	1301
1	80	352	1301
1	96	352	1301
1	112	352	1301
1	128	352	1301
1	144	352	1302
#===HANG 2
1	0	368	1303
1	16	368	1304
1	32	368	1304
1	48	368	1304
1	64	368	1304
1	80	368	1304
1	96	368	1304
1	112	368	1304
1	128	368	1304
1	144	368	1305
#===HANG 3
1	0	384	1303
1	16	384	1304
1	32	384	1304
1	48	384	1304
1	64	384	1304
1	80	384	1304
1	96	384	1304
1	112	384	1304
1	128	384	1304
1	144	384	1305
#===HANG 4
1	0	400	1303
1	16	400	1304
1	32	400	1304
1	48	400	1304
1	64	400	1304
1	80	400	1304
1	96	400	1304
1	112	400	1304
1	128	400	1304
1	144	400	1305
#===HANG 5
1	0	416	1303
1	16	416	1304
1	32	416	1304
1	48	416	1304
1	64	416	1304
1	80	416	1304
1	96	416	1304
1	112	416	1304
1	128	416	1304
1	144	416	1305


#==== BRICK HILLS 2
#HANG 1
1	1968	368	1300
1	1984	368	1301
1	2000	368	1302
#HANG 2
1	1968	384	1303
1	1984	384	1304
1	2000	384	1305


#==== GACH NHO XEP HANG DOC
1	2032	240	1306
1	2032	256	1306
1	2032	272	1306
1	2032	288	1306
1	2032	304	1306
1	2032	320	1306
1	2032	336	1306
1	2032	352	1306
1	2032	368	1306
1	2032	384	1306


#==== TANG GACH BU
#===HANG 1
1	1920	400	1307
1	1936	400	1308
1	1952	400	1308
1	1968	400	1308
1	1984	400	1308
1	2000	400	1308
1	2016	400	1308
1	2032	400	1309
#===HANG 2
1	1920	416	1310
1	1936	416	1311
1	1952	416	1311
1	1968	416	1311
1	1984	416	1311
1	2000	416	1311
1	2016	416	1311
1	2032	416	1312


#ONG CONG 2
6	2191	384	80
6	2208	384	81
6	2192	400	82
6	2208	400	83

# MARIO ALWAY THE LAST TO BE DRAW
0	8	300	1
#0	1990	328	1
#0	2300	328	1



#15	65	270	209



#ONG CONG 1
29	1936	336	405
6	1937	352	82
6	1953	352	83
6	1937	368	82
6	1953	368	83
6	1937	384	82
6	1953	384	83


# --- HÀNG GACH NHO HANG NGANG ----
1	2064	416	30
1	2080	416	31
1	2096	416	31
1	2112	416	31
1	2128	416	31
1	2144	416	31
1	2160	416	31
1	2176	416	31
1	2192	416	31
1	2208	416	31
1	2224	416	31
1	2240	416	31
1	2256	416	31
1	2272	416	31
1	2288	416	31
1	2304	416	31
1	2320	416	31
1	2336	416	31
1	2352	416	31
1	2368	416	31
1	2384	416	31
1	2400	416	31
1	2416	416	31
1	2432	416	31
1	2448	416	31
1	2464	416	31
1	2480	416	31
1	2496	416	31
1	2512	416	31
1	2528	416	31
1	2544	416	31
1	2560	416	32


#===== black black
4	0	436	107

#===== BANG HUD
27	2	446	100


#==== SPECIAL ITEMS
28	2448	336	108





#===== NEW MAP CAM
#=== THU 1
47	0	1733	1
#==== THU 2
47	2064	2258	2
## coin 10 times
10	1008	352	209
10	1008	352	209
10	1008	352	209
10	1008	352	209
10	1008	352	209
10	1008	352	209
10	1008	352	209
10	1008	352	209
10	1008	352	209
10	1008	352	209
10	1536	288	209
10	1536	288	209
10	1536	288	209
10	1536	288	209
10	1536	288	209
10	1536	288	209
10	1536	288	209
10	1536	288	209
10	1536	288	209
10	1536	288	209
#=====  BREAKABLE BRICK
#===== HANG 1
23	224	352	403
23	240	352	403
23	256	352	403
23	272	352	403
#===== HANG 2
23	384	336	403
23	400	336	403
23	416	336	403
23	432	336	403
23	448	336	403
#===== HANG 3
23	608	288	403
23	624	288	403
#====== MUSHROOM GREEN
19	640	288	220
20	640	288	218
23	656	288	403
#===== HANG 4
23	640	368	403
23	656	368	403
#===== HANG 5
23	752	320	403
23	752	336	403
23	752	352	403
23	752	368	403
23	752	368	403
23	768	368	403
23	784	368	403
#===== HANG 6
23	864	336	403
23	864	336	403
23	864	336	403
23	864	352	403
23	880	352	403
23	896	352	403
#===== HANG 7
23	944	336	403
23	944	352	403
#==== LEAF 1
16	960	352	219
#===== MUSHROOM RED 1
17	960	352	220
## g?ch n?m lá
18	960	352	218
#===== HANG 8
23	960	400	403
23	976	400	403
23	992	400	403
23	1008	400	403
#===== HANG 9
48	1008	352	218
23	1024	352	403
23	1040	352	403
23	1056	352	403
23	1072	352	403
#===== HANG 10
23	1152	384	403
23	1168	384	403
23	1184	384	403
23	1200	384	403
23	1216	384	403
#===== HANG 11
23	1184	304	403
23	1200	304	403
23	1216	304	403
# n?m xanh
19	1232	304	220
20	1232	304	218
#===== HANG 12
23	1264	368	403
23	1280	368	403
#===== HANG 13
23	1392	304	403
23	1408	304	403
23	1424	304	403
#===== HANG 14
48	1536	288	218
23	1536	304	403
#===== HANG 15
23	1536	368	403
23	1536	384	403
23	1536	400	403
23	1552	400	403
23	1568	400	403
23	1584	400	403
#===== HANG 16
23	1728	288	403
23	1728	304	403
23	1728	320	403
#===== HANG 17
23	1776	368	403
23	1792	368	403
23	1808	368	403

#===== GACH BE ANIMATION
#==== LEFT TOP
31	12000	12000	1222
32	12000	12000	1222
33	12000	12000	1222
34	12000	12000	1222
31	12000	12000	1222
32	12000	12000	1222
33	12000	12000	1222
34	12000	12000	1222
31	12000	12000	1222
32	12000	12000	1222
33	12000	12000	1222
34	12000	12000	1222
31	12000	12000	1222
32	12000	12000	1222
33	12000	12000	1222
34	12000	12000	1222
31	12000	12000	1222
32	12000	12000	1222
33	12000	12000	1222
34	12000	12000	1222
#==== MOVING FLOATING WOOD

49	368	320	1313	1
49	560	352	1313	2
49	592	304	1313	3
49	624	400	1313	4
49	752	336	1313	5
49	1088	384	1313	6
49	1200	320	1313	7
49	1376	352	1313	8
49	1408	336	1313	9
49	1552	304	1313	10
49	1776	336	1313	11
49	1744	384	1313	12
49	1792	416	1313	13

#==== BOOMERANG ENEMY
51	70	300	1315


#===== BOOMERANG
50	11000	11000	1314	1
50	11000	11000	1314	2


#===== KOOPAS RED FLY
#52	180	230	89



#===== COIN
10	337	304	209
10	353	304	209
10	369	304	209
10	417	272	209
10	433	272	209
10	449	272	209
10	769	304	209
10	785	304	209
10	801	304	209
10	849	272	209
10	865	272	209
10	881	272	209
10	1329	288	209
10	1345	288	209
10	1361	288	209
10	1505	272	209
10	1505	288	209
10	1505	304	209
10	1505	320	209
10	1505	336	209
10	1505	352	209
10	1505	368	209
10	1505	384	209
10	1889	304	209
10	1905	304	209
10	1921	304	209

#===== SCORE
35	6000	6000	9000
35	6000	6000	9000
35	6000	6000	9000
35	6000	6000	9000
35	6000	6000	9000
#===== KOOPAS RED FLY
#52	180	230	89
#KOOPA Ð?_B?
8	1072	300	89
#8	1983	300	89
#KOOPAS 